13 3 2 0 1 0
13 3 2 1.02054e-17 1 0
13 3 2 1.87099e-17 1 0
13 3 2 2.5797e-17 1 0
13 3 2 3.17029e-17 1 0
13 3 2 3.66244e-17 1 0
13 3 2 4.07258e-17 1 0
13 3 2 4.41435e-17 1 0
13 3 2 4.69917e-17 1 0
13 3 2 4.93651e-17 1 0
13 3 2 5.1343e-17 1 0
13 3 2 5.29912e-17 1 0
13 3 2 5.43647e-17 1 0
13 3 2 5.55093e-17 1 0
13 3 2 5.64632e-17 1 0
13 3 2 5.7258e-17 1 0
13 3 2 5.79204e-17 1 0
13 3 2 5.84724e-17 1 0
13 3 2 5.89324e-17 1 0
13 3 2 5.93157e-17 1 0
13 3 2 5.96352e-17 1 0
13 3 2 5.99014e-17 1 0
13 3 2 6.01232e-17 1 0
13 3 2 6.0308e-17 1 0
13 3 2 6.04621e-17 1 0
13 3 2 6.05905e-17 1 0
13 3 2 6.06974e-17 1 0
13 3 2 6.07866e-17 1 0
13 3 2 6.08609e-17 1 0
13 3 2 6.09228e-17 1 0
13 3 2 6.09744e-17 1 0
13 3 2 6.10174e-17 1 0
13 3 2 6.10532e-17 1 0
13 3 2 6.10831e-17 1 0
13 3 2 6.11079e-17 1 0
13 3 2 6.11287e-17 1 0
13 3 2 6.1146e-17 1 0
13 3 2 -0.00174531 0.999998 0
13 3 2 -0.0154065 0.999878 0.00261915
13 3 2 -0.0501845 0.998712 0.00744086
13 3 2 -0.104736 0.994411 0.0132821
13 3 2 -0.180736 0.983361 0.0183278
13 3 2 -0.276726 0.960698 0.0219446
13 3 2 -0.382262 0.923841 0.0198257
13 3 2 -0.487983 0.872762 0.0126326
13 3 2 -0.582471 0.812833 0.00547711
13 3 2 -0.663746 0.747954 -0.00248694
13 3 2 -0.73364 0.679449 -0.0110771
13 3 2 -0.797917 0.602396 -0.0211357
13 3 2 -0.857069 0.514172 -0.0325503
13 3 2 -0.906582 0.419712 -0.0441668
13 3 2 -0.94363 0.326579 -0.0539377
13 3 2 -0.968295 0.241789 -0.062792
13 3 2 -0.983674 0.165418 -0.0708711
13 3 2 -0.99213 0.0962445 -0.0800977
13 3 2 -0.995372 0.0328244 -0.0903219
13 3 2 -0.994498 -0.0262531 -0.101412
13 3 2 -0.990533 -0.0789855 -0.112274
13 3 2 -0.984564 -0.125439 -0.122064
13 3 2 -0.977694 -0.164921 -0.130062
13 3 2 -0.970587 -0.19766 -0.137447
13 3 2 -0.963777 -0.22482 -0.143489
13 3 2 -0.957489 -0.247345 -0.148442
13 3 2 -0.951825 -0.266026 -0.152508
13 3 2 -0.946813 -0.281523 -0.155853
13 3 2 -0.942433 -0.294385 -0.158609
13 3 2 -0.938378 -0.305879 -0.160891
13 3 2 -0.934886 -0.315424 -0.162774
13 3 2 -0.9319 -0.323354 -0.16433
13 3 2 -0.929359 -0.329944 -0.165618
13 3 2 -0.927204 -0.335424 -0.166685
13 3 2 -0.925383 -0.339982 -0.167569
13 3 2 -0.923847 -0.343774 -0.168303
13 3 2 -0.922556 -0.346929 -0.168913
13 3 2 -0.921471 -0.349555 -0.169419
13 3 2 -0.920561 -0.351742 -0.16984
13 3 2 -0.919799 -0.353562 -0.17019
13 3 2 -0.91916 -0.355078 -0.170481
13 3 2 -0.918627 -0.35634 -0.170723
13 3 2 -0.918181 -0.357392 -0.170925
13 3 2 -0.917356 -0.359013 -0.171953
13 3 2 -0.916351 -0.361161 -0.172811
13 3 2 -0.915509 -0.36295 -0.173525
13 3 2 -0.914804 -0.364439 -0.17412
13 3 2 -0.914214 -0.36568 -0.174615
13 3 2 -0.913722 -0.366713 -0.175027
13 3 2 -0.91331 -0.367573 -0.175371
13 3 2 -0.912966 -0.36829 -0.175657
13 3 2 -0.912679 -0.368887 -0.175895
13 3 2 -0.91244 -0.369384 -0.176093
13 3 2 -0.91224 -0.369799 -0.176259
13 3 2 -0.912073 -0.370144 -0.176396
13 3 2 -0.911934 -0.370431 -0.176511
